	4010 Dish 0 cGy sGCR	4015 Dish 0 cGy sGCR	4026 Dish 0 cGy sGCR	4104 Dish 0 cGy sGCR	4106 Dish 0 cGy sGCR	4181 Dish 0 cGy sGCR	4010 Dish 50 cGy sGCR	4015 Dish 50 cGy sGCR	4026 Dish 50 cGy sGCR	4104 Dish 50 cGy sGCR	4106 Dish 50 cGy sGCR	4181 Dish 50 cGy sGCR	4010 Dish 100 cGy Gamma	4015 Dish 100 cGy Gamma	4026 Dish 100 cGy Gamma	4104 Dish 100 cGy Gamma	4106 Dish 100 cGy Gamma	4181 Dish 100 cGy Gamma	4010 Rotation 0 cGy sGCR	4015 Rotation 0 cGy sGCR	4026 Rotation 0 cGy sGCR	4104 Rotation 0 cGy sGCR	4106 Rotation 0 cGy sGCR	4181 Rotation 0 cGy sGCR	4010 Rotation 50 cGy sGCR	4015 Rotation 50 cGy sGCR	4026 Rotation 50 cGy sGCR	4104 Rotation 50 cGy sGCR	4106 Rotation 50 cGy sGCR	4181 Rotation 50 cGy sGCR	4010 Rotation 100 cGy Gamma	4015 Rotation 100 cGy Gamma	4026 Rotation 100 cGy Gamma	4104 Rotation 100 cGy Gamma	4106 Rotation 100 cGy Gamma	4181 Rotation 100 cGy Gamma	QC-4	QC-5	QC-6	QC-7	QC-8	QC-End
7-Methylguanine	2769164.525	1368913.225	1065909.598	1165668.56	1039749.828	1013177.528	1926916.318	1119515.294	678706.1953	1210638.183	1008742.633	1154117.902	1650095.343	1055828.853	752840.0245	896385.5482	946172.6875	973979.6797	1112591.594	834813.1765	581899.2448	1600690.444	695612.226	879101.4968	681938.8891	720233.5497	539155.3405	999193.7863	742604.5138	726137.485	852673.2883	495796.2319	412368.1624	839635.4222	968561.4125	494151.2788	1060220.69	1049436.552	1077141.703	1013333.156	1016168.238	1050648.818
8-oxoG	246277.6767	323311.1866	320123.1338	155842.2738	243354.3961	198652.7592	149197.2104	205922.094	150448.1549	192363.2047	147589.8649	169534.6209	210190.9121	179170.5816	149312.2192	158024.6842	176401.9184	200370.4821	143723.7589	258630.734	244280.6552	246522.4817	158235.3946	283070.2988	180135.3484	126472.8842	159514.9699	141648.9082	168192.3221	362713.3891	181505.0836	141387.4123	167216.5587	145453.9664	146946.1988	193544.3556	185152.6896	175179.9466	177597.1029	181499.4869	180409.8597	187403.9482
Succinic acid	6639808.752	1308332.845	3381226.005	4459418.87	4671689.921	6479653.736	3160987.567	2836311.535	2518031.278	1901065.039	2442808.712	3600233.275	4005127.18	2054376.283	4012117.287	1723168.571	2077958.01	2353969.846	2315445.99	3491220.996	1949219.007	4597620.008	1754963.847	3197623.562	2709254.619	1372989.504	1202132.242	1573581.663	1215232.248	1397347.824	1377384.085	929656.8977	883612.019	1520365.047	1377751.246	1099912.072	2815257.75	2934349.389	2792514.984	2924419.987	2841129.689	2756875.986
UDP-Hexose	8713523.54	3465812.482	7969206.418	7783445.479	11324223.66	12920904.15	6605160.871	7547374.702	4560993.284	4520346.359	6015905.892	12716144.45	7651951.166	5399451.881	5474190.504	3387421.649	8783616.989	6558440.478	12543558.26	8601999.044	6906863.542	15428916.61	7556849.538	7254076.995	6645396.343	6568165.129	4316828.571	4601417.554	4417412.133	6251630.282	5674842.514	3208101.364	3014393.956	5319247.478	8858676.982	4412887.916	8753987.552	9020643.027	8468248.589	8765514.474	9100210.686	8853995.145
N2-Acetylornithine	3939274.375	5040621.426	6288896.389	2967679.854	5928247.304	5083953.955	2455470.81	3292519.056	3227460.021	3521069.172	2742450.421	5030812.043	5566114.945	2169086.899	2284557.606	2202814.217	4065620.852	3487138.38	2321838.126	5206991.165	6976350.892	9022753.725	2391175.979	6318207.475	4007727.284	2091646.355	3289138.6	1863805.062	3310211.944	748537.7865	2729939.969	2484634.002	3169495.68	1856190.815	3491130.467	5306185.211	4664410.707	4860222.944	4737857.097	4921479.218	5052937.676	4844924.324
Cytidine	35182976.72	16661250.56	20454134.56	27278216.5	18849889.14	27656343.23	31682522.88	20032669.44	19730633.02	22656353.55	17736077.2	23177273.22	37359501.75	24834883.49	20716143.95	23480154.84	22190068.26	22206038.84	16445435.5	16428907.05	12895117.88	24530112.55	13764348.19	15247355.99	16284408.07	13050608.5	13636496.9	19736061.28	15942954.51	18172420.36	16808848.74	10714629.56	12388065.44	21641984.48	19481049.98	10358174.19	19999577.46	19028666.45	19904394.29	18498189.77	19694245.45	19594528.03
NAD+	10257644.71	2106552.577	5286433.285	5400384.899	4225677.77	7269216.911	9719263.446	5223914.666	3756687.009	3327098.426	4828739.489	6229298.649	8585912.45	7238920.059	5339883.097	3869793.106	4188666.504	4486175.561	8180195.39	5216582.577	3617048.046	8234070.22	4391584.052	4148287.587	5731950.731	3881806.368	2972846.629	5139201.358	2711112.108	3203545.476	5161205.685	2334297.79	2791818.761	5235654.182	4778098.511	2400482.469	4794801.842	4747841.5	5088370.966	4909636.44	5083957.336	4778236.719
Adenosine	36390838.72	2876185.711	5341541.758	15205575.74	14477711.65	16463113.54	25305360.81	10684206.76	6179467.362	10755987.46	11238410.4	17998422.16	29497641.6	7223249.267	6626660.338	9598120.108	11492239.83	13508548.56	16226438.09	11674759.65	6091202.845	15458645.88	13083094.9	10881590.03	16232172.85	9043910.81	5809085.9	10166266.18	8000514.822	12700106.83	11249635.26	2771035.466	3800403.687	8327059.014	10796259.97	2292739.723	11454717.62	10630684.55	11244874.84	11261648.05	11595602.31	11572573.69
C3:0-Carnitine	249137.8759	200746.1411	299496.3246	142408.9788	187957.2146	209242.4731	255875.0322	226761.2137	150494.5665	142604.8594	184140.4089	245492.3519	244017.4289	200974.9526	139641.0854	118145.8945	174510.9317	177081.372	179143.7011	199247.6426	106787.3725	225508.6934	133164.7187	162746.0298	128139.1693	112202.7637	119388.0374	159013.7058	89680.90942	100752.7361	126349.9377	56413.9429	68497.55928	131811.6398	155588.6542	85058.08414	159664.1176	148029.5428	150204.0931	153601.9179	158895.9516	150160.491
Creatine	18901573.49	4174915.237	6424614.366	12839367.68	16720039.5	23822998.93	18164507.1	9954894.457	6521590.216	7754329.035	12268797.96	25066634.35	11436944.05	9820356.543	5681986.861	8164244.488	13616467.35	20434202.69	15560790.34	11372361.23	4078578.486	15435142.76	10679379.75	12540105.96	8836492.199	7165282.308	4565143.555	9333469.859	6230660.151	12352908.93	8155073.767	3465769.746	3397756.426	9784394.79	11086506.33	7865038.548	10888843.47	11965670.93	11490658.06	11717466.47	11423721.99	11695462.96
Propionylcarnitine	434898.0927	394977.3352	529865.3514	312488.003	459449.7805	405456.3368	496497.6201	468505.2219	319029.2269	338607.8916	363109.4427	495500.795	482023.504	447060.9137	340614.8071	315704.7203	336497.0137	344511.6341	404800.6248	368525.227	232932.4589	385217.9038	321402.7479	267659.7002	261418.9929	314160.7315	203018.3172	440886.4736	206714.014	319803.5355	251314.1224	132538.6386	137241.3955	295594.197	338752.0084	156512.9811	346805.8421	325282.2547	335875.005	319371.7418	345255.7302	333433.19
Folic acid	12710804.65	13478510.44	12771121.69	6451297.562	7035096.459	6310206.02	4988049.124	5863018.86	6112254.171	8214714.014	4714960.851	6832538.038	7099889.197	4920374.965	3947394.193	5990652.517	5579793.192	5378009.903	4506358.627	8309492.489	7675787.996	11284857.9	3535327.905	11301739.96	7580926.85	3292583.937	4789382.658	4215749.424	5602665.523	4556865.145	5051855.325	3840199.755	5263168.157	4243376.633	4711793.225	5805285.477	6437311.246	6026099.9	6133465.963	5787328.272	6060026.567	6239262.289
Ascorbic acid	31299760.3	51948041.45	62950680.36	20293085.76	40600162.25	38517830.89	18456931.65	22132490.23	18271977.67	23044797.79	19708989.95	38275248.36	37411320.93	18995577.3	17472699.71	15977795.43	32035031.43	26722672.89	21143110.01	36657364.52	39460244.75	66930706.49	22543023.45	45151791.45	29501717.7	19726499.71	29433842.26	15809291.74	24529347.25	23584311.64	21263073.16	24056480.12	29143041.48	18524249.52	26350367.75	40231256.98	41361529.53	43510487.84	39066896.22	40316618.17	41600530.58	41661342.92
Methionine Sulfoxide	1157597.902	997897.3911	789811.3661	744066.7086	643921.1035	839067.2628	812503.3536	651510.8146	1147770.197	878146.7515	813863.1676	591743.0942	941986.3595	865682.97	1083092.892	756495.348	709366.9624	529046.541	344339.8693	696575.0854	615721.9922	996777.2185	368210.7746	976024.7665	466215.6148	389021.4877	410070.4783	559402.9534	372666.0593	830541.4538	507697.7336	599875.2475	276657.7347	345924.0909	514233.3212	527030.8809	779857.7457	758528.1795	841398.2201	794406.2746	773782.0476	777472.1356
Riboflavin	711033.9544	635667.3431	800699.702	406656.564	507774.457	469640.4851	470449.5872	374686.5281	337225.4463	362143.7811	438759.6194	405070.6027	570718.0496	464681.009	454655.521	372738.6068	367908.7626	361162.8756	380506.5822	514377.908	431449.9475	749841.5022	422714.0094	574404.4009	361156.9095	317374.6344	357188.9335	456216.346	424544.6199	473980.5268	426479.8525	380619.9433	409514.6191	379967.2703	478307.9544	484920.7725	389535.7468	346860.2446	375544.242	372723.4871	374475.1204	371747.1806
GABA	694730.422	794545.9715	3008416.05	540970.1939	2448051.06	2116927.159	991814.3872	3250354.117	7339313.576	641498.4798	2690102.63	2534269.016	878556.1513	3235285.216	8101214.679	721614.2293	2774133.386	2699222.882	516538.3457	1412668.747	1552977.846	809964.215	1645049.11	682948.9305	398847.5198	1496836.853	2423054.041	512130.4525	783541.6484	1818415.008	523109.3547	1050989.355	3154120.773	845759.1046	3009520.395	715025.2608	2061913.771	2184796.231	2041491.381	1988816.607	2055762.316	1965129.92
Aconitic acid	793852.8141	313699.5045	729891.1715	888824.7308	892906.8666	982975.0829	1083219.402	932552.5159	439122.6767	631423.8365	836682.2483	950286.2401	1107843.473	680863.1726	559749.225	437065.3248	1039938.252	460710.665	866921.1891	697470.6487	393029.1249	1283539.812	514206.505	335244.6285	589009.6692	636359.9822	358525.1896	542645.8392	414296.7244	325035.7309	390378.6394	271803.3409	259241.0339	635877.1635	718768.2524	282162.3841	847982.144	880348.1254	784030.5269	841838.1969	826693.3171	836683.3633
Acetylcarnitine	1142102.603	362763.4058	695548.2592	1215360.368	1055519.439	1226304.49	1498527.74	1104865.123	624316.8773	735138.6827	729512.354	1088653.619	1113823.398	998711.2352	857670.3541	657674.6296	715153.7353	930477.8211	1063096.448	794235.7139	664953.1537	952799.89	756292.3173	699278.6884	961008.9649	710132.2848	568989.0399	1224625.024	562316.5881	707316.8782	690226.109	269022.173	431286.4481	964943.0147	533809.7052	322237.7454	851166.4269	756816.42	812629.3116	780709.5314	798378.9087	797054.7496
NADP+	219651.7452	34208.98498	113874.2384	139702.284	154165.2338	230943.1248	220902.7715	133219.4748	73329.08981	89795.973	151603.3208	167500.5068	210531.0097	143177.4005	99316.41397	100552.4648	120011.0216	122931.5053	194613.5252	90670.25346	93068.48916	190578.1698	88953.21201	55125.90482	168936.6199	113819.1387	76285.77175	110108.0078	74983.55939	156756.2667	127627.2192	45210.34374	64065.07219	100669.6408	125060.1317	61558.3251	113672.639	111620.9967	118215.5319	125108.1922	117124.1357	116362.439
N-Acetylcadaverine	42083.56747	63663.585	96760.42599	21161.90143	41999.34083	40689.47228	17343.77844	32531.16609	27379.96168	30513.13832	25290.06937	43144.94378	38589.70177	19299.8797	17219.40166	19916.9958	37754.30274	32249.41025	17676.35612	47780.16458	45857.94628	73063.11651	21713.59422	59619.81265	33278.70421	22587.36006	23899.99781	19409.37505	20554.25539	22148.86119	20527.51619	21310.43531	25684.57704	13780.41175	33240.32758	32386.36287	40339.13608	40976.73704	38477.9301	40867.68979	43481.50846	40257.35832
Canavanine	1159.097076	21140.08163	79414.2005	67330.60054	26092.75608	12031.25163	8082.155957	58568.53139	109815.2746	145384.9178	109997.5449	14286.25681	9307.895762	63545.86172	152003.3983	66447.03985	190592.3102	10191.08113	6185.858322	5537.637577	55471.83472	47732.05924	7644.873728	1575.327232	6971.778274	3720.295452	13663.11674	12848.28021	14342.66807	6762.143498	16277.66003	370.6842981	4860.730178	18388.2724	52503.5523	19626.40144	45039.54121	44800.77297	42670.04378	42536.85635	46327.46985	41738.89381
Glutamate	428127856.8	202412003.7	296850727.7	341983950.4	413739277.1	478457807.6	380566677.9	325810469.1	222225231.3	309554988.9	332445139.2	539050856.6	537436011.2	248124073.6	199999418.5	209793118	414312189.9	312536503.2	339531888.2	265805490.3	239733729.1	660087344.4	210957453.4	244270314.8	328995813.4	198168750.9	180605181.3	211119783	168373567.1	323209356.4	212309051.6	163174634.4	148732792.7	216002602.6	324938447.9	228519800.1	386251655.6	413485479.8	362997368.9	387645643	392169017.7	384285353.3
Tyrosine	169890044.4	161208187.2	147531947.9	110291743.1	134887821.1	145650261.1	124681395.8	113291385.4	108082739.5	106630838.7	104787648.3	108244385.5	152069483.9	114792644.8	100377535.5	90377069.01	80556037.24	100089117.5	85901518.75	147681595.6	121693223.5	155597345.7	87881010.11	150571633.6	101503765.1	82174238.61	72662715.4	108848751.7	67238770.81	113273708.3	120399498.1	101674185.8	76407115.4	77161783.4	105287575.2	86340007.98	118567869.6	109435336.3	116502278.4	112051870.1	112219107.2	105278547.2
IMP	119314897.2	1187366.565	8503406.624	50975971.79	70432978.5	92652404.42	66846755.37	32736214.88	18740169.66	16155971.03	45075422.27	65903067.01	95340097.36	45921450.41	28046150.01	19657911.12	39081382.83	38513124.46	60111817.67	29500031.52	25561062.29	67566309.12	35314671.52	17033381.8	48968602.17	19582104.8	15193988.35	25254948.66	15854273.27	26175231.37	38700300.78	2583136.107	8317435.887	19455535.81	30859972.48	3659107.564	36050537.7	38489919.02	40964836.49	39890580.22	39452774.78	39527882.73
Alanine	54058427.17	22291713.45	14568769.63	20999423.31	20132348.87	24061096.32	33854399.72	15931468.07	14043563.9	19659839.78	17361050.87	17177172.22	33656047.53	14832830.89	12722777.33	15497347.55	14196764.83	15830310.36	16543743.88	18174624.47	10758658.87	23456512.71	11352780.33	20248090.73	13550748.12	14149794.26	7669449.484	17235332.63	9828468.013	15452725.29	15780371.64	14861547.8	8126379.672	11883970.63	15892442.98	9304001.026	19432258.54	19005925.82	18052858	18048141.13	19227173.79	17311861.88
C4:0-carnitine	166472.2709	2199.237145	6204.334868	175777.991	102369.6456	187969.1957	256364.5443	107538.665	72276.33295	86525.35878	93448.27068	174768.9666	152012.7479	116595.4879	77718.90088	64167.73138	114566.301	88066.00731	160981.3605	71910.98579	41461.54933	47501.54631	104547.0254	62537.46667	64978.11877	82857.58312	58622.44757	113820.4036	65249.24707	56742.32649	64305.08893	28222.40182	29658.7877	95246.48673	68772.4705	41063.81926	108728.4419	104069.4069	104206.8917	95196.05732	106820.2075	105628.7905
AMP	174438741	36873647.64	72905418.62	124835582	96182503.71	88544334.7	136843976	86113778.58	53406955.74	69643811.01	92133184.69	88195472	168616885.5	82504110.83	67475296.74	94010563.36	94575944.58	65189371.54	84937397.33	61739362.73	51816574.96	30954043.54	63712120.01	37393016.67	106553605.3	58690052.09	59958806.81	74477501.94	86316394.16	6711753.534	74160316.06	26797002.32	40529886.91	47459341.05	70145125.38	21665101.62	74962297	70136768.37	80577666.98	74135085.56	75709469.9	77102473.52
Isoleucine	13221503.8	9792159.495	7496704.94	8073994.866	8452287.859	8911648.542	9207334.01	8253815.092	7399485.664	7364946.558	7118491.754	7017210.61	10108896.82	7118128.672	7430618.824	5993835.893	5856195.394	6959230.437	6404646.727	9669836.292	7916283.568	8970645.111	5871736.288	10710014.89	7037246.459	5391623.373	4449798.249	7335621.442	4603294.504	8592207.919	7797427.417	6623541.524	5163891.575	5064898.44	6872006.728	5886028.048	8435471.042	7698502.517	8002607.287	7937353.333	7544164.155	7445390.285
Adipic acid	29181.09179	67530.47223	69653.63112	93119.49892	83969.55314	368443.7434	54850.24094	86535.64674	64882.37657	167927.0311	116822.9604	163050.1479	111311.8727	37518.68293	628192.8998	47992.02734	84444.79949	77164.65041	119469.0319	30058.08258	51301.93992	81604.29412	175606.5258	69021.48281	85039.75053	63722.27816	80114.5877	71668.32118	43952.33063	65635.78044	63419.31004	61647.95904	130800.9707	55158.59933	75401.16959	147959.4373	169630.5736	178175.8161	154345.4172	172167.5812	170600.8776	168836.9614
Aspartic acid	58867063.19	49446849.5	51181753.8	51728731.71	51057650.54	59162746.98	43660254.42	67852343.26	48811513.7	44728865.4	57100483.67	58888566.4	50110585.46	67613866.18	45889052.34	34998293.74	46897587.56	46833062.89	52099795.33	62932348.23	36875092.98	56207969.87	49722236.89	62143608.83	53888467.86	66847689.99	34209246.05	49713506.94	34631561.47	63416982.75	55585019.99	49439378.83	31394913.5	41235181.75	62644286.55	34769165.58	50400027.28	44217988.05	46787817.29	44421836.53	47226016.87	47083612.76
Phosphocreatine	181249.2875	124930.8564	188151.5693	185142.6996	221191.8904	449799.2842	246681.1425	186290.3607	99438.2693	137741.6775	231323.2028	528462.3053	212279.5248	137850.6343	113289.2271	129785.9672	365232.9669	354555.5133	386164.5977	131189.2403	79732.93784	250495.035	228117.6757	234407.6401	221248.1443	199780.5696	100028.7649	135863.1381	139844.9628	331104.9997	138478.7194	112807.8885	90183.67465	181750.8014	250023.9599	213549.3398	286245.0568	266838.3186	250292.2092	265626.8176	270375.1791	253008.2619
3-(3-hydroxyphenyl)propanoic acid	75566.01434	63035.6906	73390.46937	101888.6386	53133.45479	94144.79191	91337.40235	81366.84469	73512.74566	94829.44029	95953.17321	132419.2784	112914.5219	71961.90839	85780.98013	67053.97354	99022.14068	104638.6292	97054.3416	59918.51556	54563.52434	110622.0866	68330.36016	62967.23776	87085.78745	51346.40075	66954.8006	68540.66496	31332.48644	151007.2791	61513.00142	62819.81857	63238.35062	53560.76155	97210.17648	78570.45461	119473.2502	123161.3254	109271.3318	116684.5983	111423.4665	109708.5526
GMP	26115310.74	2714497.113	6789221.436	15177878.51	13430395.24	11227876.73	18096533.15	11021128.05	7049036.541	11099829.56	14963250.82	16314629.24	26360862.65	13977474.84	8688439.25	13046252.56	15042056.89	8940532.583	9771734.44	6563342.403	5019109.235	5595930.533	7287729.148	2743273.835	15079547.21	7126736.19	6389357.918	9956983.194	9026813.56	1081929.112	10378065.77	2792844.087	4761635.742	8352948.34	10902007.59	2527247.719	9380424.475	9377426.403	10622519.98	10131837.19	10124370.01	9683627.922
Acetylcarnosine	342375.7708	95037.47286	111512.3503	257588.1078	286233.3408	291738.1132	561029.863	238537.5821	157879.8801	186959.8783	263819.2103	252771.3962	335729.336	316584.3549	249972.427	162593.997	214026.5704	214047.4357	282036.1493	213967.1796	131832.74	260569.0113	157589.7692	147601.8784	117528.9102	165490.1287	96796.02172	190771.3687	90689.93545	415818.6062	187131.7605	125229.4349	111032.1571	232364.444	228890.5422	123272.0065	206959.2121	226338.7452	220802.9874	210990.6011	198366.5065	222557.9575
Phenylacetic acid	265419.6836	259137.0657	216111.7785	174044.8308	225901.6945	220609.5623	218108.4853	182847.3551	192268.7411	178405.8449	157185.7433	200349.2805	243176.1967	203777.0705	156673.2834	157473.0137	133590.0363	163339.8575	173148.5234	251164.3738	217115.0282	279189.851	168494.3829	250143.1073	188181.2991	121850.6896	123914.9454	195064.464	143046.6985	175805.1674	201147.0716	154634.7751	131559.4264	145380.9772	164844.8208	143368.1811	192690.0854	166963.3087	184441.3723	183785.4402	186339.2644	173990.8747
Citrulline	1497893.334	1791629.328	1486856.729	1508113.572	1538198.712	1743874.646	1777171.077	1458854.961	1052571.67	1608709.084	1818187.742	1453314.041	1968590.911	1760014.326	1685396.843	1543903.619	1465213.333	1858161.373	1276503.041	1763651.987	1157315.498	1798022.459	1792364.474	1168100.46	1206016.764	1254184.912	1754409.879	1700733.766	1843038.124	1271513.758	1544013.504	1399816.77	1562585.496	1741839.717	1589434.902	1341762.439	1354414.768	1491295.959	1480344.782	1572495.035	1464980.188	1404668.278
Glutathione-NEM	119870125.6	20648203.53	37158337.95	140729441.9	116430578.7	169291316.2	141387804.2	138153500	95503615.79	73046150.2	134422944.1	152183752.5	85564299.75	152696460	136488282.7	54227057.05	113137508.6	105076541.3	201182060.1	107750388.4	52538454.09	95679043.73	157952554.1	81176275.27	91901625.66	141526966.1	65457967.14	133464346.8	69225643.89	146161345.3	99653537.26	81507701.01	58850202.41	124108115.5	136161086.5	49619464.53	108787331.2	100468599.5	108344274.6	98675163.28	97642126.05	97368144.32
Aminolevulinic acid	67582.02893	18977.74782	31686.13554	34021.48748	67600.23266	48736.63887	59141.03899	28304.94053	27729.91749	24305.61122	76616.23374	63079.90811	67854.18821	48854.37765	44539.56804	29385.82992	47329.13989	60278.03219	82606.02256	29203.59124	27973.50296	40108.6421	34443.50927	26230.4009	36001.35147	14246.93585	16875.38716	27942.03288	31501.57546	26986.68959	30685.76663	4403.677181	16012.4959	26774.77996	33501.17617	19605.31544	43414.33452	43121.31206	41688.10555	44752.902	38192.47591	42023.26706
Glutamine	5096566.379	5991420.442	7503630.873	3594700.152	5380637.564	5524160.151	3779555.419	3693734.659	3557286.237	3304542.448	3501144.847	4445334.249	4297812.405	2745906.508	2637096.646	1708193.847	3534496.763	3437019.837	3436965.348	4702171.919	5361225.766	8478346.276	2269990.915	5203682.795	4117293.139	2112894.395	2230138.508	1957420.885	1497471.572	4773343.996	2470439.415	2229862.838	1954989.562	1390451.109	3669715.836	2575721.332	4556063.749	4843777.205	4206017.736	4595261.556	4603880.519	4234360.592
Glucosamine	1689099.687	1669556.67	2039263.62	914821.9112	1406547.689	1369290.27	879893.0279	1028307.735	930956.9686	1026626.234	876135.4232	1035891.446	1485194.848	1002657.01	710749.4128	851918.5232	802419.2002	952086.5509	602530.1784	1341348.954	1313075.383	1607822.923	852376.3159	1586316.375	913322.082	620373.651	872291.4106	708698.6894	828082.5557	846365.4724	954964.8637	806545.7306	836193.4804	665881.0034	920376.2314	951460.3032	1024809.298	923009.8919	1065921.995	1008254.216	1021301.296	1080350.329
UMP	19326557.61	2620812.78	6351770.035	14277971.43	13404713.2	14130141.24	14180104.24	10287566.6	5902567.6	7938994.7	13028914.31	15943572.46	16841949.48	11983857.44	7500676.551	9579744.371	11744535.19	9967849.863	17460402.92	9515842.082	6104476.066	7371650.726	11957283.17	4967433.597	13128097.98	7898356.239	6733775.234	9922486.629	8691024.936	1302275.563	10676579.57	3110012.909	4625829.107	9479701.45	10741532.56	2153507.987	9507990.936	8665228.967	10221651.31	9501570.009	9266949.773	9759009.492
UDP-glucuronic acid	229731.9601	73961.05869	285112.7818	215071.0747	275720.9773	337761.4375	276911.0157	228773.6416	157919.9993	245090.9783	268449.9353	547813.384	600122.9142	222220.5103	203787.0564	241940.5131	492514.4963	349538.5142	252000.4472	169140.3414	157315.0474	444012.5828	139695.4319	134629.7006	227251.6197	147361.4251	125964.0321	126500.0344	122575.8971	149933.6193	202752.8555	98627.28728	116344.8455	240292.7712	296154.2674	140586.6489	296928.0196	299622.0868	272639.2654	295196.5871	324282.5052	301287.8824
Acetylcholine	1356367.027	902688.911	852284.9415	760444.7486	1034217.656	1052569.281	1035108.387	831291.4389	846012.5284	652841.4779	893500.177	924268.4986	935465.4714	858141.1611	948960.295	636917.2213	850281.0407	864790.7006	805574.0881	829349.6611	671118.0429	881640.6683	694038.1603	895233.3571	748362.7997	697175.5714	545110.9145	710105.5852	567013.9328	798543.2592	838954.7178	605052.5907	628067.5465	600638.9424	773069.1573	569213.558	895347.5761	840226.4532	852560.812	774679.0622	885299.4003	803825.0666
Lactic acid	40028140.45	25466643.7	29903233.7	27793143.96	31992868.57	33378335.16	26322531.42	19869277.06	17074348.14	21633012.5	16119103.1	31743156.18	38826474.54	12988961.72	13985727.56	15416112.42	26518535.77	19057515.94	30471937.92	25740002.59	23984183.85	68812316.48	15279326.04	27553073.11	22055943.26	12770550.23	12953433.02	15514063.81	18858375.71	15329993.27	15389622.33	9134740.134	9450477.628	15078636.73	15446057.24	15575829.24	38147283.86	39837812.87	34047640.83	35384422.8	37695024.47	36418654.07
Phenylalanine	192313075.5	148703699.1	85239220.99	303376348.7	170704886.4	209117693.8	414889709.2	336882640.4	285406861.4	319911614.8	291675144.7	247231511.3	300555886.8	305936727.8	329985111.6	242461411.4	231770237.8	257951284	278661989.7	190776661.1	131343479.7	105133450.9	268888337.1	183017055.6	147297610.7	292038331.6	213655601.1	364678531.5	198264575.1	452707608.9	335736019.8	380762426	240200028.6	238333290.3	303060479.3	262508918	325231477.7	297236694.9	302388927.2	292419380.5	281160549.3	279613204.2
C5:0-carnitine	169891.463	73852.94562	96735.96867	114380.2051	126490.5243	136318.1278	93234.56427	100067.5221	92171.76685	87565.48317	79585.93507	96792.10425	99497.66271	147457.9629	68689.93431	84276.78437	74458.19015	107095.066	45518.80428	89574.47805	74919.71262	127373.9651	71977.73276	101419.7006	57414.38062	42284.08399	37158.04551	69172.28985	78947.89688	68286.64685	55460.54704	38144.83739	33056.00291	82130.09493	60451.73924	24488.117	97520.63168	89760.42914	82171.72324	87358.0725	90062.81516	87338.84085
CMP	4710909.49	900536.7382	1358417.493	1540596.071	1922983.535	2214843.423	2698757.019	1353924.307	1062630.968	1202273.329	1607769.915	1814706.044	5458344.231	1775038.426	1277315.995	1587413.407	1462226.04	2003317.667	1664686.981	1384400.785	1123063.599	1479763.739	1046408.531	1033258.09	2063046.618	810538.454	853663.194	947609.6091	795466.6473	316361.2304	1461699.181	551079.6975	644127.6239	950318.6693	1181147.235	516607.6969	1391730.797	1310624.636	1549434.099	1454362.25	1421991.279	1488820.315
Acetyl-CoA	170494.4841	34350.98971	152361.251	66971.45934	148476.6539	77420.0761	180437.5595	160476.8534	170207.9012	104558.476	127408.2173	217781.0711	53169.78344	108683.7503	111562.6912	66810.1081	110947.6697	50069.61119	65531.95187	123862.7477	116124.1334	177868.7696	50641.58739	119505.0928	117607.98	55863.76091	71233.73649	101420.7122	100969.3633	182526.7615	44203.15705	80715.38627	90610.19516	75720.00595	112652.2819	155020.1478	115732.682	103876.6316	105744.61	101211.2008	105887.7067	115956.5903
Citicoline	468300.0661	22074.22022	63143.95153	210563.108	175225.1998	407870.2614	519586.1901	154471.782	109147.6336	119827.0096	252509.567	335114.4683	541362.1082	241009.4526	172477.476	134061.9393	225958.0884	245341.4652	272211.9523	146120.7752	102068.9919	377733.9256	133732.1337	114662.3972	262102.5288	128511.5963	99827.42289	126668.1534	128678.7745	203180.8403	155893.8143	47403.39438	90209.95479	132817.6765	148293.838	70856.88389	188152.1324	174936.8025	191876.2954	203715.7069	189203.0807	205214.4323
NMN	168588.6783	253959.5699	433207.0226	179630.2978	409620.3949	284057.0996	116058.2592	156835.5807	136578.352	218940.4131	343956.1728	323800.7418	236343.0737	247621.0855	108913.4836	294338.3505	120702.9807	231745.1529	59608.92977	179824.5622	218353.419	373108.2171	179284.9377	221741.3526	182311.0074	107637.8921	135946.1607	158960.8659	351555.734	112305.8839	85505.09314	126869.2072	136496.6447	198387.726	115623.4042	148625.5543	185024.9061	200803.262	218556.0606	196356.9604	201133.734	188789.4423
Trimethyllysine	420780.6279	347133.9516	333977.5519	328240.6821	295727.9069	317231.8274	322492.9629	288356.7709	347359.81	286998.3499	260661.2259	211345.8736	241476.1362	271908.8912	260398.6712	207642.5036	187337.9248	225701.3218	257841.6376	325485.0546	283097.1055	348387.9573	228348.0736	383606.7334	232067.3415	212917.5461	183665.9406	289704.6521	174411.9391	321623.0851	271013.4741	233009.9412	189329.0129	161717.3524	235587.9669	201559.937	290408.1748	263904.2472	261212.5797	275100.5086	279998.3937	244369.2953
Oxoadipic acid	8187.323796	156475.4041	321248.7907	82265.05832	10135.28755	18831.73624	59179.09722	14862.64156	14739.85255	100109.0171	74321.52055	98597.9229	12875.95281	56257.95216	139372.6831	63967.22603	109916.1986	104168.5896	75208.59067	7645.254322	7417.892254	250500.7395	69813.85507	147441.4194	55286.96657	58041.76113	81134.91846	54704.42286	89191.47491	77659.82256	77203.96993	64868.98341	69294.91093	56114.81105	61623.77842	142144.9843	16793.64587	17894.85897	17681.72956	18830.05149	15941.70084	18423.77795
N-Acetylneuraminic acid	142300.4733	25230.23115	10899.72562	176716.8137	139240.5043	164843.3223	106869.1041	70841.2474	63889.35944	161578.9869	141834.9458	171760.2865	230511.4249	109973.0586	89848.63458	239117.1924	225895.0734	162226.249	103862.2267	61655.16698	39972.45941	250750.8975	115169.7643	38426.31873	95062.28332	40719.26706	58049.90615	159258.1212	98914.84062	71071.96531	67773.28402	51852.14535	39120.29635	285378.3611	105632.9759	122348.9716	157283.3586	142989.8691	130855.5925	150468.6512	142438.8491	147560.3901
N-Acetylaspartylglutamic acid	756863.3995	385802.303	1050772.478	1551339.611	1604192.514	1590999.332	473217.5297	524989.4478	523067.8383	1086040.269	913610.8628	1087815.38	861802.7776	597472.2744	597396.6314	1019930.105	1298423.673	791833.4805	1101746.309	1441570.354	913404.0621	2772712.682	1021633.362	1125923.666	757034.1723	839462.2224	791755.271	836276.1565	457553.6933	600115.0544	526261.2346	493271.2556	591167.5281	1221784.723	1232056.572	477084.0878	1305790.476	1211517.482	1249084.798	1173732.611	1208729.751	1080779.073
Threonine	139851919.7	80666177.25	65271461.32	77743942.62	67403193.58	80759983.86	97250126.82	70570014.92	78247696.74	66810758.76	73002087.82	64365150.68	92556275.11	64579642.58	67307514.24	56585870.73	50994481.19	60051241.46	61613788.05	77898008.29	54797644.03	81488336.86	55639602.09	83196277.62	65183407	65047356.98	41350519.8	67536199.58	36957777.63	78690427.51	68972569.57	69941316.96	44040962.96	46075406.98	64279860.65	48070212.83	78720567.01	68606577.19	70044932.75	67846403.78	70257178.25	66035258.25
Choline	78767610.55	31955012.95	41780126.51	47741485.57	44870743.91	59241633.87	45145982.63	39478850.59	36563500.44	30724954.39	39261694	36987091.63	43983429.23	32848941.46	31785194.7	23083224.85	32680632.09	39878058.44	32299381.05	31004218.61	38523485.77	32729773.93	30296591.36	68912175	25564150.91	15833497.3	18996073.81	25840305.69	21786298.48	29749860.49	23205229.65	20330992.98	20379495.51	21850985.54	18545479.12	25758554.81	36011736.7	32179281.8	33428349.78	34608406.77	29854976.82	33391870
ADP	5073022.193	764909.4768	1772255.195	3494700.899	2656677.032	3485805.144	4039375.679	3074276.771	1948610.947	2098896.439	3049314.73	2500049.456	3445497.871	3030498.944	2421035.447	2086603.213	2330263.097	2054146.302	2481668.213	1975072.889	1291084.485	1976276.364	1992412.565	1304317.384	3160250.054	2311206.261	1227252.039	2584685.479	1770250.806	873267.8544	2583751.328	1436778.554	1216417.592	1925086.952	2590713.328	953603.3366	2107503.813	2186077.132	2355305.504	2147920.814	2012235.746	1974232.623
"1,3-Diphosphoglycerate"	66688.43705	78789.18232	92124.17191	49817.67221	95300.23856	81146.93876	58889.66747	58539.48592	39382.60468	49387.60648	47936.80056	65993.50196	99429.11914	37545.79639	41485.27958	23309.68352	53805.34976	41904.74175	42040.06614	86309.63887	86756.49903	138422.2682	37639.83807	75172.94619	42417.47282	40628.3685	29168.73311	32761.35521	28610.49047	31432.99244	36448.25105	21896.94854	22193.24825	27800.66141	69140.4148	46791.91944	64082.02396	71380.7986	64600.80493	67083.11793	63612.7517	58527.53753
FAD+	323967.2942	43901.77699	80012.37126	414974.6024	204738.207	292969.4724	613342.83	417041.8746	316839.1157	332835.9058	443426.9904	351574.4927	338415.8618	458171.6678	465735.8355	264873.4936	420959.3458	250652.9299	540685.7919	119381.057	102570.7857	138504.274	362717.4634	112186.7861	197443.4403	410579.553	222413.5079	546223.082	248725.5214	443445.8341	346250.1421	315732.5458	235693.034	533896.1763	453245.6769	188394.095	285449.7572	279011.647	281843.1359	251826.2989	252276.0043	247028.874
Carnosine	144234.4746	33240.42818	12670.3157	113634.1979	392697.2634	444966.0367	95504.72901	234159.4494	23032.45842	117510.3175	558425.0455	352209.422	501390.2652	516228.4385	91072.57523	259000.4556	427190.6214	568915.0891	127290.8101	128174.4999	10580.39549	162198.4358	206473.2841	31451.29486	86345.03984	107638.3523	15642.67688	33833.0927	38550.22705	315640.0264	163926.7608	69230.77485	32172.47624	237397.1166	529427.5564	90036.14897	184241.2351	171094.358	195464.945	195093.4903	185369.1575	165542.7771
Dopamine	1782782.995	52787.47601	42298.56405	337706.7101	327484.2895	643789.7334	558424.4669	144394.8126	196539.2799	214886.8393	248434.1584	220337.738	1396092.209	269845.6105	253833.1307	182768.1859	270864.0635	283165.3134	137038.5281	237144.7978	220395.8044	397243.5575	138715.2057	380655.7018	255422.374	146652.4318	134749.9051	117795.3369	172319.0763	268782.898	232998.923	145728.7619	163553.0747	257317.3048	222640.657	105822.0106	283334.3188	243497.042	270974.4296	282124.5682	246329.3549	278399.8164
Methylglutaric acid	641813.1293	359252.1808	562435.4471	396239.4096	596988.0425	926107.7312	503263.3678	446336.9901	249618.3665	427260.5904	433417.0954	646828.4201	722840.6004	183824.5346	1158837.857	174324.8082	457528.318	279792.667	563740.0492	476776.8679	284043.09	849549.9773	429975.6774	357921.1783	453155.4393	348897.6246	328028.222	312739.2456	235147.3837	317295.467	214470.4849	311732.0487	319481.9251	310048.142	305535.7155	446612.7208	723788.5233	722793.9824	651044.1288	717793.2789	803018.3641	701716.4227
NADH	1003648.524	41216.16883	102419.9487	240808.6696	221818.1288	648768.0536	949633.4055	176903.4927	60881.10804	57059.36297	130889.0208	340223.5466	645012.0456	189289.5616	117859.5744	66794.25921	64493.15636	227781.9845	496726.3599	240674.8407	185554.8303	690073.6558	241945.9858	175157	343518.6089	302206.0539	171900.3177	372440.6878	129689.2825	647000.7672	271183.9484	134481.9506	183172.0261	318403.5598	203799.5112	162191.7706	292977.8371	260533.4076	299944.844	310233.1988	277420.6896	267442.2385
NADPH	406815.871	49652.95366	110759.9597	164846.7833	205082.1096	351849.8787	325675.7321	142550.796	23238.34657	26327.34257	75916.23659	221163.8317	227566.9068	94334.04101	29676.28069	46437.05822	26130.62555	133173.724	285151.372	153884.7832	90302.63209	246465.0054	148864.37	123475.6831	205985.862	183507.1801	101446.7917	175878.9955	102867.9641	53519.29616	202223.9664	75466.27254	96869.2029	144862.5528	142835.2241	58441.8711	145290.3961	131211.7981	135885.5854	117221.4221	137329.7803	137595.5117
Homocitrulline	790323.8367	652847.0004	619498.5832	568368.8263	600129.0654	628446.7603	552347.9501	590091.0592	659846.9176	507181.1789	529990.1615	416403.4377	490805.5686	540844.5166	522938.0367	353490.9473	379640.4544	411662.1615	454965.7392	663877.0195	555409.6216	613867.7441	429252.3018	708370.7653	438592.0035	412292.3692	349409.6454	495077.1211	322626.3058	572592.7544	473679.2531	492078.0543	357916.0233	320458.0559	448280.2672	380408.9215	548455.0895	547215.4843	519515.9122	507491.259	477300.3879	460054.1684
C9:0-carnitine	368549.5646	23807.51886	53582.7312	131437.9368	161629.8802	186922.7348	146024.2565	60551.08337	49964.16859	26950.09049	55232.82332	67452.57639	120887.2559	53332.20997	33290.9536	29121.68412	43894.89263	52386.05949	86811.77187	102798.6751	56998.43797	151321.1311	38614.38908	41262.75861	118271.5832	37280.51897	20729.76148	45122.12141	19839.5417	28634.44366	40994.10122	18874.946	18942.57635	30040.47598	38202.15548	14202.47093	70201.4472	58013.61774	64731.41425	66377.48834	59311.55617	63448.20457
Cysteic acid	42851.0217	42631.63481	30604.76216	39531.46399	33978.30553	58995.5989	58054.41861	41107.05753	33015.94312	57900.28235	40216.90511	66092.36233	62011.40668	43863.40504	46984.24166	21671.5113	48818.61616	27344.77746	26704.51479	29470.34256	38336.20646	76927.00921	15675.61139	27440.96245	25794.85126	20466.37334	23030.62342	37351.04338	12877.80681	46450.91238	15879.15077	28119.9561	13444.23242	28200.73051	33381.75447	32525.56633	72825.79806	80810.27885	65083.69143	74377.50846	75517.81737	77483.03537
Asparagine	15675282.6	10072031.44	8607498.624	10383411.32	9187099.942	10104291.72	13278130.22	10214060.47	10610269.33	8963046.594	9688725.101	8988964.406	13938596.57	10844610.33	6144474.574	8556105.633	7545951.816	8208164.565	7695691.068	10456299.46	7966295.698	10212934.37	6936546.966	10461235.26	7542615.099	7249772.672	6058295.818	9303590.638	5356190.847	9559917.706	9259297.203	8361779.692	6265391.28	8146752.94	8833753.948	6435592.626	10311892.17	9390516.901	9898243.059	9277448.508	8818355.73	8482111.671
Leucine	94080837.37	73549029.41	60259472.37	64550534.54	60095633.26	61467311.25	65054360.76	58663487.69	59140822.45	55852187.28	45565863.99	47621175.1	64886245.41	56410460.82	48862821.54	40921691.19	37219206.23	45282860.06	44714081.64	69403097.83	53520624.28	66035284.83	37541946	71976637.28	43869552.56	41291626.48	30257761.77	53357956.83	29792290.6	67110364.07	51133634.17	46275413.2	34352853.04	33848507.22	47658188.66	37061896.43	61025000.5	56521080.51	58661272.62	55680065.65	52758538.53	49865288.61
dAMP	552098.6558	207377.5723	182010.6167	312325.3193	192874.7922	195571.6196	339223.8759	225478.018	124274.8926	228063.8608	202546.3493	245341.7174	647996.2159	198427.3165	119333.6803	328469.8817	243437.9277	190788.7033	170048.2278	240807.5091	135723.8546	260723.3939	106467.2489	152115.5088	232805.0146	112083.2952	113205.1788	163354.0271	147282.8308	52129.96978	174808.8222	94328.71523	76776.5239	135781.7307	138186.4498	141700.7936	190160.8558	178116.4205	217996.8581	202832.76	194902.307	184315.5814
Argininosuccinic acid	393381.8236	36928.4452	70882.94896	212415.9274	204308.2533	311121.5794	384367.7451	173686.2544	111037.2575	113182.2331	172055.4612	172624.5817	332888.9606	204281.4813	145583.6829	120129.0869	122566.0133	139550.5385	253087.9194	171698.2453	57982.3304	218073.391	195252.8233	89284.96128	158068.2871	129191.1796	90383.7188	125449.6166	83806.39365	218365.7349	159087.4549	53906.16305	85499.4539	145525.2224	164180.6593	60112.53398	144815.2355	160653.3827	162888.0255	174474.2542	155706.0411	144120.0541
Hypoxanthine	10440158.34	170308.8936	222518.1608	2108698.5	2533559.769	4313891.823	4501274.035	706339.7187	999846.8664	1075491.99	1490990.326	1379576.277	9000446.071	1889852.211	1457113.874	1048487.296	2019927.016	2312376.43	939104.2011	1596901.269	1547376.252	2948955.844	976303.6625	2808683.807	1736717.993	785892.6934	883464.273	659949.1397	1223823.058	1845423.307	1397592.628	604873.9664	1006125.793	1889251.536	1648722.843	679139.1825	1713109.334	1490209.3	1861151.702	1802333.462	1670634.573	1705705.42
Homoserine	47886.89645	13545.9486	39738.03997	28986.9434	31837.2255	50503.74301	25657.38101	17172.70368	24844.79031	22611.4164	24237.35833	32902.50145	27201.5381	13655.0299	32371.2988	21912.0686	24629.26104	23802.88238	17164.52546	26446.96209	19406.86858	25445.96512	13874.39223	27528.03464	35333.59855	16079.91623	15556.40942	19702.54988	9172.345324	13674.76191	11563.40438	15937.3632	15440.35643	10256.58007	11288.2598	21541.91991	26432.36448	21600.74891	26607.42664	25424.87354	26321.7207	25762.38334
Hydroxykynurenine	227957.9851	257761.99	248162.937	158507.7254	195576.9322	275800.5556	223492.5526	177586.6991	196977.4501	180346.5885	190721.4464	155395.9199	202180.7367	257397.1338	211208.8578	138608.6396	155080.8886	172978.9044	146365.5127	296165.5239	181135.1634	221699.6984	154114.5789	290769.4543	194077.9115	206725.0166	197287.5984	228676.7325	191369.0733	213465.8877	211400.5632	235306.2335	206086.8317	181944.2702	202637.6633	230920.4514	202446.0203	194441.5579	218107.3583	211203.26	183280.3667	178514.9618
Serine	9835347.845	7854683.564	8402346.306	10927208.54	7728620.05	8215841.682	6666437.53	5774622.089	11639804.24	8893834.056	9379038.764	5430184.862	8121220.291	7401295.251	10826640	8407862.33	6090435.172	8274328.676	5652983.388	10830288.21	12045107.79	6551467.721	9177270.885	18795299.01	6834065.981	10377876.69	8808333.944	11499491.8	8346227.268	17762434.29	10844178.61	15333102.36	11444365.64	8168110.442	10495260.37	13203928.32	9983529.31	8706857.093	9305377.005	9621715.594	8300738.775	8154735.126
SAH	2235052.672	361646.6268	378335.7342	1214115.539	794313.0588	1383134.715	1739468.877	1096958.235	864721.196	990668.414	855743.8684	991098.7924	1304844.896	959697.0337	939361.6738	751140.0097	727274.6794	746088.7652	824198.9505	924254.3363	487372.0313	1138414.068	819543.527	698468.3177	871259.4654	845952.7495	449643.1795	976969.6534	367657.8778	1372523.516	765815.6464	602010.7034	296609.1038	740333.1723	811255.3795	377870.9905	1060114.546	946847.9193	978102.545	986037.3386	1021762.386	819240.1501
Inosine	511114.114	152620.2963	188667.4069	491354.9138	418769.5515	610520.0977	679971.794	343230.1526	207232.5317	291356.7073	414154.9095	337017.358	496305.8746	422280.6148	370406.8248	249792.0007	306468.3588	349293.1995	440587.1304	294469.551	206626.7081	426378.1821	236020.1534	239235.7512	176643.2201	215933.4874	163878.9284	283136.4363	162271.7298	523265.3556	296261.849	136536.3352	120051.5448	287057.1431	300206.1893	146641.808	270033.4771	321694.9292	345343.2517	296459.3054	293388.1937	323651.2505
alpha-ketoglutaric acid	525854.1684	722124.3606	806764.0317	967571.6618	434346.1695	389711.4107	6080.10623	807551.7143	2501755.038	3803135.377	1460686.243	268429.6069	381160.3846	1785894.958	2666670.61	2163061.473	2018965.239	218383.4083	4409.09812	414450.0942	544078.2339	626918.567	163052.5044	404189.4113	220743.9551	4091.914818	205744.3326	5438.413348	212637.5533	5484.113691	307611.8423	379578.7339	4254.829128	292639.844	481415.6612	217793.8219	662010.2636	732487.1506	780703.2626	804674.5345	781364.9893	862255.227
Agmatine	43621.54214	29336.40503	8722.775874	81885.06265	54553.14915	41749.81098	42279.39686	30959.34774	38778.40017	55526.13006	95630.87194	38600.15038	34577.39698	45050.07456	48157.03788	52595.31614	62597.79441	31674.37372	26330.55315	36082.14797	10562.08009	31340.37312	53345.98682	1755.636828	32252.35925	25373.56377	21393.86061	35979.08441	21675.26571	37837.31473	52491.55729	28245.71134	23346.53136	60123.66227	37700.84403	17446.08749	33598.83286	30721.33207	32453.1556	31649.13562	30536.24865	25536.13731
Kynurenine	26888.65124	14136.09226	33131.00308	52082.80389	29237.43723	24711.35802	45478.42582	46469.10364	119240.1295	122460.7823	67413.20182	30106.7045	30695.12022	97788.86084	101275.641	86508.64478	79582.78011	25977.52307	27156.00218	36332.72766	30243.22239	21936.62208	27980.32965	23702.2227	13189.56069	17962.37345	28972.85095	10185.19561	23846.61206	29286.59237	21938.20226	68336.19259	14499.44159	59921.47298	45865.25402	29530.6055	44774.99769	39081.35687	39896.96519	42147.02888	33940.86036	42374.73516
Ornithine	1038313.96	621229.258	570538.6608	655714.8176	466802.4956	602872.0939	660585.899	666789.6501	737896.9977	674561.9517	563717.4542	597809.3355	885935.7542	927203.7762	441771.3837	634597.046	521990.5469	535274.7826	462369.5676	558405.6172	408421.1547	697889.9101	367517.7471	694150.2779	505600.2468	562574.1943	443701.8626	599704.4062	455828.7741	624805.362	623957.0106	593000.7645	330314.5742	633326.3688	543835.0834	489466.6549	708794.2409	659093.8673	614499.4758	545325.8091	641502.26	581537.0052
Suberic acid	42907.58364	22521.2824	20194.09226	181439.3471	55647.60039	150289.9977	30832.1189	202157.3944	536766.4739	500463.1773	360809.0637	38255.10049	33008.56185	318736.1282	669612.1437	138294.4821	744770.5537	32976.50055	34391.64351	5793.941833	71689.72241	121779.5296	86026.12717	2948.136613	41570.42225	27738.9121	8321.151568	79900.3082	71128.95559	7278.640336	58435.7577	161082.5301	8871.879122	115660.3193	134416.7094	116535.0283	246056.5949	249375.7614	196824.3914	232788.5361	260574.9875	236674.3941
Tryptophan	56805816.94	39776077.26	35170380	37468597.57	36231401.98	41659926.72	38216960.12	36173189.28	38833284.87	28434874.42	29947008.15	26013876.23	41909707.92	29692231.58	27635943.65	21774826.8	20223247.85	23907897.83	24442708.98	37787438.34	31993662.14	41644301.85	21039471.66	44317083.02	27662091.85	21129815.66	14780228.73	28898199.58	13568354.1	44167336.45	27570064.01	26584389.5	15832883.28	17770490.87	24971437.12	19016917.38	33199848.98	33471045.96	31499190.51	30163405.16	27163630.98	26852562.11
Hydroxyphenyllactic acid	39698.30924	34843.10824	47631.16819	22160.88889	34093.68565	32730.34924	28116.47272	23808.51232	15730.2756	35731.98437	29231.74078	42280.18646	34567.28422	20425.30736	23005.9417	14766.52069	22320.3488	26766.86007	25653.60953	19665.78002	33915.12589	53809.31403	12609.86877	26792.35783	23353.30168	14837.18637	13965.27995	13172.27448	10656.55004	33346.09339	16779.66986	9878.359757	15321.95702	12761.09494	24059.80427	20572.28101	34316.39722	36367.07777	32251.06749	31464.32555	32470.05215	27012.55362
Carbamoyl-Aspartic acid	86211.99002	74396.82234	134801.2863	164313.5481	146304.4138	206871.1393	71338.40635	152147.5565	73992.13764	89144.72137	89254.59724	189236.9067	73832.51845	87974.37863	59196.94615	52975.67451	74396.59228	99216.02849	178672.5067	334625.4025	60959.41224	207513.9569	120667.4476	103910.5458	107243.8821	107162.3619	85246.24146	62047.67078	36311.20322	125384.9075	76440.35259	70287.86681	47093.02905	45448.33832	95398.91509	77300.10049	136069.041	158220.8817	116515.8062	134258.8712	139586.9572	143825.0334
8-oxodG	169009.0862	81095.0216	41662.30869	167584.8278	116859.4934	154756.2056	146646.6593	121891.3055	111074.2476	127229.0596	83930.32899	113220.008	122827.3964	139445.0281	137748.5964	66887.64477	70286.4622	79504.93502	119215.8405	116506.6085	66069.4121	116083.4166	75342.35534	102994.3401	87364.85346	98947.59755	42655.13883	141707.8704	19203.857	150670.982	68020.08344	85832.88746	35418.55344	68635.11076	100304.2999	31523.66436	128835.3068	117724.5362	124741.4522	112568.5656	114608.2315	95455.16581
Guanosine	787233.1261	43414.29942	36373.27399	235822.3973	183548.0629	195183.2558	328502.731	169842.0559	187925.72	193478.2099	210209.6943	249479.1287	470516.0535	168970.6224	185368.9226	168029.1145	225027.6883	198426.3049	100015.3105	155384.7103	61257.07414	167809.0355	115404.9873	167265.4187	119847.7409	93941.6502	66326.0542	145893.5664	106820.6936	156346.1694	103385.0369	117363.2825	73406.27637	223531.0662	205125.016	80395.42318	187117.9547	166240.4434	190682.5189	150807.1221	172126.933	151114.1475
C6:0-carnitine	491282.1567	43893.22629	66382.72648	357190.5012	380787.6474	335584.9714	393698.6468	174054.6234	305676.1849	158955.983	247099.1351	345302.8073	417041.68	193033.2017	201829.0903	200340.144	185329.9371	170590.1213	250479.5843	249790.2311	213446.1002	165018.54	238681.3741	386279.2256	202504.7398	86318.74309	223610.6673	292461.3243	97425.82156	248726.1324	151541.0128	77269.35802	79762.01591	100245.5473	252308.9495	191441.0043	238487.5864	219730.2931	217043.4022	259813.2128	193423.8772	241573.6956
SAM	259081.1708	32356.36305	54721.77122	122131.7073	182000.8036	226030.0434	150130.4446	108841.5117	70611.16037	51443.7984	107430.7783	96252.57165	132515.0625	121123.7526	103103.0078	33166.10173	73832.66273	59964.45121	116285.6525	141754.7472	68222.62856	189019.9016	134402.5866	59755.57869	108610.5583	113352.173	60389.92278	82284.76384	31654.60213	73784.24739	89446.83835	19892.8725	42872.74296	68465.37926	103723.701	38376.84853	72476.88284	87523.98909	92306.09303	100401.7721	88082.54811	86621.75363
Methionine	57736486.08	38918074.61	32970720.25	42710230.84	35065375.8	37302620.52	39773917	40502558.43	38294704.11	35555413.46	31401159.37	28128988.92	37137099.46	31005203.66	31344163.54	22106588.4	22278554.9	27652627.28	24341490.7	40774969.62	29481777.65	38835283.81	21940807.77	43638322.49	24564047.9	24421156.76	15889527.37	31377202.46	15383255.52	42638562.33	28750267.17	33506219.14	19345451.45	18703985.44	27986570.14	21515058.11	35070162.44	35091584.23	34657077.85	31180241.41	28650677.42	27667910.84
Hexanoylglycine	5727.077427	3312.719097	4943.098028	7393.439353	4539.812188	6438.811749	5955.20569	6357.769091	8354.171104	7894.293503	8985.493248	4990.536627	856.6462249	6597.764463	8884.804067	3855.440352	3905.005238	4176.514338	3907.41155	4836.13915	2446.971584	3429.02845	4618.336331	3613.134569	4839.128772	6169.413105	7800.746002	3690.06494	3541.695751	1460.392716	4568.284701	6400.730232	5046.816411	4762.119268	6261.739179	5201.949925	7865.544747	5803.44823	6601.52114	7770.824022	7331.860126	7208.349026
Carnitine	174382.3468	59489.51398	96024.56071	128187.2422	121140.1499	129573.2894	187220.0472	96768.4504	50448.17373	80070.03804	80864.93682	117690.6692	120056.8931	90596.51854	66704.70702	57233.61963	50320.53001	79728.1212	89332.45844	120369.1344	58666.59655	117515.8837	66702.4095	43117.61319	76814.92022	47618.98622	59895.07581	73694.76978	59845.92525	67831.07328	61951.44296	34762.59542	40980.54637	86328.08177	47799.85998	27192.45827	77423.98463	70014.36469	62115.91931	79413.77634	86714.54518	75101.6348
5-MOT	176876.3849	19483.61539	27027.14731	129998.214	68972.83815	77010.85813	164098.6568	83338.92518	124404.9272	99659.22643	97434.86035	86112.78619	120161.6839	84215.56107	141351.3987	56707.5807	98155.46332	85951.35667	62982.4289	51320.03783	26476.93988	60426.67506	68722.43533	58606.3901	74295.72185	63070.48133	26671.54897	108362.8596	39655.86258	86911.28147	37707.18956	61449.98291	27521.48425	68953.37389	91680.04778	15046.41221	87968.48428	78913.53602	73109.76153	79003.42515	63020.50532	83331.04854
Targinine	99058.36388	24079.51141	30722.85007	53660.00912	44961.63973	62213.29347	51928.011	34849.25791	27422.07149	33389.08953	30790.53542	59032.20178	51948.3774	34719.39974	36328.07209	24676.9047	32643.96871	37727.01538	63903.47183	41189.05903	33201.65	99823.98483	40126.32691	40909.66762	49938.70333	32208.53568	27670.20003	52830.92892	20181.98588	95373.6737	41400.94427	21423.24981	23774.61546	29210.86351	30384.19178	21197.05161	43465.02737	31088.48348	37731.29482	37263.41967	35731.22759	41250.4888
N-Formyl-methionine	481.0575311	7277.004952	2150.478196	11940.04201	2189.508371	6542.784442	40450.70164	18227.6331	14627.24439	16354.21349	21332.82812	22728.62443	16670.71215	33169.81102	58519.03562	16388.62961	30173.52231	14073.09541	32366.70619	7134.382207	4201.856502	8752.862019	26325.59764	5367.514263	8736.627158	35192.20279	15082.42465	48083.28981	11995.35356	20712.79115	16619.24125	25888.55286	10353.68482	48251.46394	31126.15132	9006.4382	12773.23625	13265.93558	13176.68668	11381.3605	12065.66257	9563.334846
Arginine	89540021.88	56972237.92	40702783.85	58873112.42	55442728.81	67657941.86	39183806.05	53812493.3	50084752.5	42672308.76	42370259.35	30969837.74	53478517.94	46647858.49	37556769.67	34068426.06	25085080.66	30570568.3	25949808.47	51642323.8	44168176.58	63125697.75	29314521.54	70165152.72	41432293.61	28225111.91	23581188.13	38048559.37	19541754.52	62378208.06	41224255.15	38375468.84	22447911.16	24208695.82	32931415.04	35468966.14	51295816.95	48795953.85	48775476.54	46525763.74	38115743.25	39794542.73
Histidine	2516511.877	2058994.337	1470893.421	1545121.242	1596062.187	1394872.623	1464781.462	1170767.429	940467.4333	1433737.252	1045042.733	1310214.532	2078745.811	833335.1724	2592422.539	702446.5994	1072454.467	902082.2849	760165.0694	1420894.74	1586384.783	3528942.121	505371.5746	1276062.695	1009576.417	595041.1978	412760.8869	700744.3739	253904.0831	2939508.802	610271.5133	468663.1243	464556.7494	364555.0194	958225.2302	776085.2322	1510032	1796671.662	1409280.104	1611916.54	1248308.249	1515567.229
Hexanoylcarnitine	712370.7694	443125.927	324221.1874	368178.2565	634261.6487	668089.9045	355566.3795	219177.8699	463671.7213	245074.181	378154.5853	275913.6137	354154.736	258989.2276	228095.0215	106435.0906	234382.4369	241137.1425	347199.8346	429097.9069	316597.9773	237111.7564	308462.5621	708320.3428	161390.7833	136222.1553	235193.5988	403016.7954	203152.212	483166.0245	270925.3363	247157.5798	83718.73872	51215.36037	173217.8074	110096.9896	291333.1117	355539.9294	384862.2303	277606.9293	316705.3536	333689.8823
Taurine	1143707.436	276047.2044	313843.6004	698982.3452	621322.8621	760112.3257	994277.4407	718609.3655	884499.3312	533311.4302	1042731.232	620808.6537	876564.1877	812118.3189	912614.1167	457824.5464	521787.2186	598550.0968	626418.695	650611.1571	411416.2298	599185.7778	564607.5593	504251.4297	553210.4454	502958.3176	285615.3341	650862.1028	274605.4359	1232779.468	659403.7747	610148.2463	292634.7501	447605.1423	661770.3551	401416.8065	763436.8199	669550.133	712453.5565	673426.53	595270.219	536250.1296
Glyceric acid	9045.871356	1437.696253	437.5148179	6359.375808	5269.43158	5871.194337	6430.69943	4589.316639	5565.200324	5773.701336	6975.021633	7739.342541	8153.051356	4449.564781	6166.023616	5987.809415	7013.948942	3155.776266	4381.771303	5202.08661	11027.8615	13783.71906	7193.362468	5276.709907	6129.016885	6837.191131	5783.398639	7191.405991	7094.032827	11382.03329	4572.436703	7647.451039	5527.776366	5689.488568	4281.69639	8045.391685	9096.992891	6280.912992	8076.050391	8410.527774	7732.490017	8865.234196
Histamine	32778.13234	26860.99369	29711.31615	11587.59376	43196.69937	22494.17938	39421.31797	15792.85152	24624.62135	8688.445798	22954.54861	18955.40234	42059.98037	24440.57457	28698.95541	19221.51266	11779.3178	9646.981884	38332.54452	50157.77394	36270.74519	23025.50197	13446.85552	23718.22879	12347.84969	18950.34526	14645.1385	12821.90847	13122.00825	8073.374652	24568.2507	8138.667584	12877.94434	5555.490664	13982.08741	9840.046058	20945.63171	21265.2313	15780.45748	17284.76926	21893.16957	21180.46107
4-Guanidobutanoic acid	20423.20789	25371.1252	27891.16553	25111.9856	20850.80781	22313.12572	14524.0928	20270.89565	19347.86156	20177.49293	22719.67524	23071.68634	26876.93776	12042.23343	18070.98676	12650.64738	29802.28247	15960.96567	7927.798274	16001.1856	28478.08994	16404.74107	12425.32088	15305.49143	17123.94093	5400.255886	9547.33092	11807.98622	13431.67952	21678.65191	9260.215496	12474.01917	12125.13653	10915.00008	17462.22465	15302.41166	25678.77686	25420.84695	20756.81323	24563.19198	19099.26275	26890.59736
Hypotaurine	48863.73016	56588.58389	30262.34487	46942.26502	39000.05572	45982.96224	33897.754	18912.68195	30556.95274	35735.20128	50738.71664	25783.87618	39919.35146	32893.56221	58472.18216	42638.06537	39732.93528	27673.96182	38084.94035	48362.2609	31345.66381	33864.53011	31678.999	42572.07854	52784.4127	28154.08409	33027.89847	80170.06058	37122.7731	101549.0948	48162.3728	77595.41136	51998.21193	47418.04445	64658.67248	48064.19295	53742.0395	48729.70779	47352.8927	59538.20862	51763.54867	40071.20528
Phosphoenoylpyruvate	490240.5804	1948636.296	1607517.259	239158.5327	582305.3316	370700.5759	298178.6555	281567.0756	332080.5513	329208.1584	349633.4926	546349.168	574664.8305	377755.694	238840.5054	292818.6383	542635.9997	363589.1839	241777.0043	904954.8094	633830.2011	1403457.33	346156.891	1130177.715	931122.1649	503206.2196	754293.8801	264030.3155	481004.2151	791838.4897	543325.7364	560832.9862	355977.1342	372322.3767	683168.2628	696988.5036	658786.9293	631559.8835	579128.5398	576252.2278	717422.7375	483022.482
dGMP	77629.53767	7941.02187	18622.7288	42786.02808	42335.96419	17556.01028	38414.16772	33193.48094	16241.04382	41779.6152	37429.54088	30791.22842	112292.9984	41633.47883	8545.082755	46517.09677	29442.55654	25562.96673	22773.90627	16037.7116	15602.83385	20476.91999	17597.18443	11904.95257	29675.56625	15245.90634	13185.0438	26851.10933	22317.46798	4104.480374	29325.45384	4101.087197	6237.25593	27301.47727	28133.72444	12272.82169	21724.20129	29307.83016	31223.55452	25191.86919	29496.3561	24843.42878
UTP	444979.1556	1569.817438	181259.239	372963.135	647732.5361	1081308.278	470054.8466	543548.1611	270925.257	162976.4037	372439.7222	492299.4698	250503.9508	335699.121	268919.2835	60091.47422	422260.2044	157882.0931	947960.6485	418433.5441	135252.7133	1044554.805	281616.1781	282977.0539	424169.709	621731.3815	104604.8166	276554.9356	64953.59091	1373302.55	249960.4573	201640.3837	104053.4677	252484.2017	623819.0606	93314.03337	364193.8033	341198.4681	316430.1516	345263.1756	289229.4242	248794.9299
1-Methyladenosine	140701.644	90268.86821	122844.4198	77345.99491	77005.72545	67079.82425	83283.91617	63270.08275	68071.10815	54380.41729	57926.62717	75992.77393	71137.76315	73350.13031	58418.98909	52103.7319	41867.53822	80122.11935	64226.80202	51808.20063	78550.59226	84955.84181	50409.90566	95852.93571	73074.15385	38972.11209	34524.35331	60788.05504	24507.29586	80517.11523	52098.72803	65991.99575	36751.54915	45384.00933	86154.11558	50877.52281	78809.11246	72137.60488	82362.89314	77127.75148	68871.72494	54870.14893
Phosphoserine	23242.62186	2256.449901	14955.91495	28355.22526	11765.54881	9731.718244	12965.14697	28090.83872	8838.641755	8473.161247	7062.259612	8925.018976	17718.25909	10114.4135	8816.689357	12445.51197	11683.06952	5135.279449	8606.155	9883.990799	16583.73733	24337.9811	7592.524507	3525.386574	8761.670734	11082.49619	10010.73269	10373.36056	9385.652756	9081.788368	5537.405999	6107.449688	2945.088654	3205.649882	13543.72479	3634.557697	15263.45693	14628.75523	14716.14829	11523.30222	18098.724	15055.09287
GSSG	296920.2529	675538.1405	812307.259	96347.26758	762601.427	422321.8133	151500.1968	184561.1227	205211.791	131699.9937	233318.7764	446132.1594	148031.6217	263054.1255	324543.072	67074.12098	189977.8672	253045.2527	101840.2868	886281.6542	818002.6047	653053.8665	246411.7577	749659.6896	262184.0926	104669.2989	207349.2019	97877.65933	124487.7859	36314.01949	180301.0353	73243.00679	204800.9376	80021.25396	208124.1681	280390.3628	238752.5265	318303.9389	375649.6433	342872.0278	334376.2021	323634.1876
Succinyl-homoserine	33571.03447	27926.2136	31524.48716	17354.05647	25656.86979	27804.53075	22712.97307	13738.65243	30357.26793	13700.91357	16473.83303	15103.05806	26455.98787	17983.30941	21143.62649	325.592086	3484.423585	12143.32861	18791.20875	21610.2402	18025.97849	31351.43124	16324.41355	30261.06886	17715.24099	11491.54735	10538.85647	7749.109028	8564.874535	18820.24099	13076.44581	11629.1101	4762.160962	6249.031448	11277.37552	14101.59957	16786.4583	16457.26989	15542.18452	11711.2103	15082.618	18473.63999
Niacinamide	10537970.74	7715703.069	6325931.92	6637713.071	12656195.78	7682378.01	6633616.893	5094445.451	6610401.741	6119284.238	7450637.284	7873132.237	8525189.715	6079091.117	8365221.65	9805385.824	8167746.053	8769949.938	11187327.44	6616938.321	7336708.112	8720933.915	10791049.88	8350911.292	7813549.551	10400359.85	7035810.386	6812572.142	9186146.702	5600858.221	9134009.764	11244276.74	6389977.047	11628084.1	12709119.06	7986165.763	8798971.344	11793634.08	10945507.07	8153361.924	8984941.886	10713542.95
Cystine	208967.6442	1395376.302	395083.6574	132733.7308	300172.4449	123320.8529	131776.5894	198184.0746	437778.915	267243.6261	250920.8909	169529.2711	119416.576	278396.9032	320616.5984	201345.5954	192014.6098	160994.7431	116413.2394	468215.4435	660669.154	352405.9575	268119.4239	1309904.874	130100.4912	262746.6853	318923.2631	222860.7289	170031.2819	338884.1896	303163.1325	356584.3258	482839.3323	233186.6016	290906.3616	380378.2531	394531.5189	353381.2879	416349.4271	368675.3353	406775.1196	268573.3666
C8:0-carnitine	1981208.042	3380245.508	3438166.927	2518396.669	5300221.09	5063396.408	4559550.8	3179814.26	2607686.118	2950427.413	3994974.58	4233120.553	4932275.076	3677211.169	2465363.198	2429661.275	3835520.927	3689798.202	4431267.216	3287860.092	2384408.135	2747063.785	4258181.688	3455017.079	1897770.318	3547228.076	3238481.661	4919397.88	3047031.369	1020209.107	3487642.403	2623273.635	2068822.097	3834998.572	3235253.299	2904858.219	2206360.379	3043335.974	3406358.43	2878658.894	3100332.459	3476619.349
Norepinephrine	173781.696	149551.2602	112426.7349	19414.27489	175702.7814	227921.8458	306455.2056	186993.3936	13293.5163	190848.2118	149517.3096	149520.5222	241224.07	91184.45182	13284.92098	100408.4753	145906.2749	80016.44714	120738.5795	170389.2817	131837.8797	296074.0136	96963.98723	219647.631	87401.27618	82385.5709	11654.51546	15390.12426	12488.2673	17390.9324	155587.5231	13137.20891	12785.29293	13713.10924	120028.3151	108252.7624	103752.0562	161042.7911	163246.2476	158457.6186	139636.5716	161433.3937
ADMA	2501362.51	557407.4652	376011.9146	897333.7676	698845.8557	750225.1236	911667.7072	659711.1251	479720.8693	616081.0549	518450.0933	344774.5436	1107515.86	423137.8764	378361.1555	337537.7248	258616.3879	346062.1238	330841.9864	405603.5874	327771.8195	996917.5525	243946.3532	506531.9141	476441.7097	213085.8845	152603.5966	332860.2806	124108.331	755950.2561	381066.8445	249085.3238	126362.6141	226529.8158	323654.9862	127921.5795	572621.6373	560161.3189	506709.3924	508980.0404	420932.2218	376059.9598
Proline	656990102	202730040	83777553.31	488483534.1	273925857	361561665.7	542561350.7	421810383.6	409772081.5	364411280.9	363414963.5	254716155.9	381823307.2	346958231.5	438650976.1	239576860.8	178988990.4	213638619.3	327571575	292808314.5	171992844.4	253214108.8	226494736.6	324331140.7	261319284.4	299892252.8	96911764.25	395832968	49624205.99	588017378.7	241501869.9	293618981.9	82648370.12	215666641.3	287634733.5	81738338.95	420040031.4	385614523.9	340450769.1	354198695.2	297463763.8	256268653
ATP	8734553.919	1142926.481	2669323.381	6541704.019	4580994.129	8874880.644	8265717.708	6297650.612	7074618.789	3720918.127	6508465.682	4104843.492	3394532.467	7372054.942	5052682.303	2449240.251	7671929.247	3308957.166	9640950.854	3572630.607	1857995.991	8677210.924	5354850.697	4263773.827	4858064.948	8313298.214	3484098.896	5806535.309	2432665.627	14586135.23	4991455.974	6745138.6	2704467.703	5380566.253	7775760.17	2456470.769	5909456.79	5299866.41	6000522.378	4856341.409	3911154.378	4079225.002
Pyridoxal 5-phosphate	56566.82258	45269.81739	52733.92729	33571.71648	58896.69725	55458.58526	35256.61584	39007.13416	24855.75385	24072.40001	29486.00316	50855.24188	39304.68123	29264.95669	24655.47103	16541.95699	43795.42184	28637.86821	45896.89295	57111.60211	40789.72131	66932.16672	33908.90454	55305.14899	41014.55596	33433.97306	39483.01251	23362.62646	33278.65631	44788.75741	32593.57285	32163.17101	22748.50942	18205.48685	39144.1181	30840.11908	51673.48661	46473.61868	29758.83791	48049.87238	47168.98454	55503.18434
Lysine	21362411.79	11855657.56	5848259.28	15170670.47	10486562.22	12227474.71	10725399.77	14146277.72	17226753.09	17397695.07	12654688.5	8088671.545	10712171.04	14037114.68	18437895.29	9689796.858	3712450.578	111122.8473	6584504.336	13233709.62	8606659.195	10199062.3	9790409.845	14071569.54	9847345.264	15025710.11	6136282.565	21067058.56	100668.5231	29986625.97	13401278.8	17442367.35	6113443.37	8582383.344	13211826.12	10233931.29	16706961.9	15612723.13	12614722.38	12159274.99	9072110.106	9136089.972